MFCC Statistics for Comparative Analysis:
Bengali:
  Mean per MFCC coefficient: [-9.2874481e+01  5.4439774e+01  2.4733021e+00  6.5323839e+00
 -8.5961809e+00 -3.8774867e+00 -2.8224311e+00 -6.5583072e+00
 -3.1978626e+00 -3.2197638e+00 -4.2049174e+00 -2.1534736e+00
 -1.4490614e+00 -2.3443882e-01 -1.5782334e+00 -5.6197506e-01
  3.0063331e-01  7.1942794e-01 -2.6327854e-01  7.8248948e-02
 -1.0204920e+00 -1.3883870e+00 -1.4274487e+00 -1.2877005e+00
 -1.0777985e+00 -7.5626969e-01 -9.3967789e-01 -7.0687163e-01
 -8.1052119e-01 -5.3422600e-01 -5.1361710e-01 -1.5824886e-01
 -4.2388925e-01 -3.1570289e-01 -1.4930829e-01 -1.1286582e-01
  8.6639926e-02 -6.3929081e-02  5.7493765e-02 -8.3845913e-02]
  Variance per MFCC coefficient: [8.65857422e+03 1.19706958e+03 5.74367981e+02 3.87616241e+02
 2.86611481e+02 1.82991882e+02 1.21826057e+02 1.18461990e+02
 7.42259521e+01 6.67321091e+01 5.20306282e+01 5.59866180e+01
 5.83564224e+01 4.40790405e+01 6.85898056e+01 4.66118660e+01
 4.97867737e+01 5.81972160e+01 3.78276367e+01 3.96825104e+01
 3.83864784e+01 3.61129189e+01 3.00634384e+01 2.51744270e+01
 2.24138889e+01 1.82167988e+01 1.48389940e+01 1.56048517e+01
 1.51043663e+01 1.18859806e+01 9.56001282e+00 1.00405855e+01
 7.32100487e+00 7.42309380e+00 6.72128916e+00 5.39603949e+00
 5.89593124e+00 5.81146812e+00 4.79237986e+00 4.81585217e+00]

Gujarati:
  Mean per MFCC coefficient: [-5.8989315e+01  5.3580166e+01 -1.7009935e+01 -1.5239098e+00
 -1.2086107e+01 -7.6399803e+00 -5.0863619e+00 -8.6971846e+00
 -2.4777563e+00 -2.9938948e+00 -2.2687504e+00 -2.1567495e+00
 -7.4388819e+00 -1.4133116e+00 -4.7313747e+00 -2.2247181e+00
 -1.1021633e+00 -2.8486450e+00 -2.6189368e+00 -1.8022035e+00
 -3.4661460e+00 -1.4042522e+00 -1.4362304e+00 -4.3026388e-01
 -3.5411456e-01  2.2119653e-01  3.3066836e-01  7.0998460e-01
  5.6907356e-01 -6.6757239e-02  7.3537804e-02  5.7435143e-01
  3.6997658e-01 -1.9790381e-01 -8.2617812e-02 -1.1638813e-02
  4.7713093e-02  2.6527628e-01 -1.7324854e-01 -6.9544755e-02]
  Variance per MFCC coefficient: [8.5719873e+03 5.5468164e+02 4.3356827e+02 1.4006738e+02 1.9852414e+02
 1.8288177e+02 9.8309387e+01 1.1616653e+02 7.2029366e+01 7.5819077e+01
 5.4956917e+01 5.7220455e+01 5.7560852e+01 4.1565720e+01 5.6357277e+01
 3.3420864e+01 2.9765234e+01 3.1620111e+01 2.7015345e+01 2.9050320e+01
 2.7832129e+01 2.8058910e+01 2.7694916e+01 2.7275156e+01 2.2767879e+01
 2.1924980e+01 2.1830898e+01 2.3277336e+01 2.1425264e+01 1.9910709e+01
 1.3224941e+01 1.0228893e+01 8.9601698e+00 8.6334352e+00 8.3047695e+00
 7.0927148e+00 6.1923671e+00 5.0465589e+00 5.6052947e+00 4.6112118e+00]

Malayalam:
  Mean per MFCC coefficient: [-9.80571594e+01  4.92829208e+01 -1.22512364e+00  3.55220556e-01
 -3.13541317e+00 -1.73355522e+01 -1.42618017e+01 -7.48528624e+00
 -7.97778940e+00 -4.08468390e+00 -6.25779533e+00 -5.68457174e+00
 -3.16993928e+00 -2.80141807e+00 -5.76366854e+00 -8.64821821e-02
 -3.71635532e+00  5.02894893e-02 -1.87120402e+00  9.24270570e-01
 -9.29160058e-01  1.04488850e+00 -2.70618528e-01  7.24873483e-01
  6.59870923e-01  1.49666393e+00  2.91677624e-01  1.09267092e+00
  4.41594809e-01  6.95782542e-01  2.74932027e-01  3.10623556e-01
 -1.78927481e-01  1.23114474e-01 -1.78878844e-01  8.68997648e-02
 -1.63525902e-02  4.22118902e-02 -3.35460790e-02 -1.59737449e-02]
  Variance per MFCC coefficient: [1.00419795e+04 1.08343420e+03 5.67360535e+02 3.51087097e+02
 1.85940353e+02 3.02745636e+02 1.32777084e+02 9.73642960e+01
 9.97978058e+01 6.35212250e+01 6.70860977e+01 5.77385216e+01
 5.20652313e+01 4.84609222e+01 6.36331215e+01 4.59747314e+01
 4.85866699e+01 5.02393723e+01 4.45889473e+01 4.82090797e+01
 4.36726227e+01 4.44575195e+01 3.66290588e+01 3.50809593e+01
 3.05218811e+01 2.89711246e+01 2.47662544e+01 2.52249012e+01
 2.26069851e+01 1.76316967e+01 1.25545378e+01 8.83723640e+00
 8.07780075e+00 9.87131977e+00 9.65395546e+00 7.48239613e+00
 6.63634300e+00 6.15130281e+00 6.40293598e+00 5.85176373e+00]

Hindi:
  Mean per MFCC coefficient: [-8.7538109e+01  3.3538177e+01  6.9440327e+00  2.5380201e+00
 -5.4620728e+00 -7.1867790e+00 -6.4008684e+00 -3.8739257e+00
 -4.5093532e+00 -2.4934394e+00 -3.2583323e+00 -3.2698178e+00
 -4.9381733e+00 -1.2542681e+00 -3.4885085e+00 -4.1737876e+00
 -2.5446754e+00 -2.9594638e+00 -2.6289446e+00 -8.2244545e-01
 -1.6578335e+00 -1.7329497e+00 -1.8837814e-01 -9.0944171e-01
 -5.5326986e-01  3.9097196e-01  2.3491175e-01  5.1802510e-01
  2.8037041e-01  6.0717064e-01  3.6095369e-01  3.0785251e-01
  2.6243785e-01 -1.7151198e-01 -1.3650140e-01 -1.5597075e-02
  3.5573054e-02 -2.0111578e-02 -5.7417788e-02 -1.7198263e-01]
  Variance per MFCC coefficient: [1.3404806e+04 1.1487328e+03 3.7488901e+02 3.3533398e+02 1.7418361e+02
 1.9345741e+02 1.2891280e+02 8.4433151e+01 7.9850090e+01 5.9075378e+01
 5.0248837e+01 5.2432793e+01 4.9985905e+01 3.4258385e+01 3.8915848e+01
 3.5873257e+01 2.5183363e+01 2.8950003e+01 2.3701616e+01 1.8505510e+01
 1.8467457e+01 1.7584152e+01 1.6039171e+01 1.7196695e+01 1.7084372e+01
 1.7723072e+01 1.6014400e+01 1.5157081e+01 1.3282596e+01 1.0788762e+01
 8.8157988e+00 6.6891680e+00 6.3885446e+00 5.9421954e+00 5.7502446e+00
 5.2791061e+00 4.6478114e+00 4.5092907e+00 4.5293956e+00 3.6674109e+00]

Marathi:
  Mean per MFCC coefficient: [-7.0477547e+01  6.1085041e+01 -6.5817895e+00  1.1719524e+01
 -5.3203902e+00 -8.4942312e+00 -2.6876664e+00 -8.0195684e+00
 -4.4774213e+00 -1.6785628e+00 -3.9902427e+00 -2.7418463e+00
 -5.3452282e+00 -2.1114500e+00 -2.4463365e+00 -3.9393573e+00
 -2.7268159e+00 -1.9166570e+00 -2.3480537e+00 -1.4373955e+00
 -1.1622571e+00 -1.5862342e+00 -8.0189198e-01 -6.3616508e-01
 -6.1489725e-01 -5.2163678e-01 -1.3858801e-01 -1.7236412e-01
  1.7849252e-01 -1.0484155e-01 -3.3397075e-02 -1.1746168e-01
  1.3949786e-01  1.8719357e-01 -1.9566906e-03 -8.4091844e-03
  6.0318809e-02  1.1812986e-01  1.3429633e-01  2.4821779e-02]
  Variance per MFCC coefficient: [1.5067591e+04 1.2917601e+03 5.6488623e+02 3.2661215e+02 1.5822136e+02
 1.4518431e+02 1.0685796e+02 8.9879997e+01 6.6491013e+01 4.7681843e+01
 3.6295948e+01 3.3673080e+01 3.7250641e+01 2.6513012e+01 2.8843962e+01
 2.7284462e+01 2.1011147e+01 1.9896336e+01 2.1246313e+01 2.0262894e+01
 1.7721855e+01 1.8503082e+01 1.8505844e+01 1.7726166e+01 1.6193668e+01
 1.5264524e+01 1.4636978e+01 1.4268543e+01 1.3326023e+01 1.0920505e+01
 9.1352253e+00 6.9738889e+00 5.9152331e+00 6.1887927e+00 5.7907920e+00
 5.2313619e+00 4.5644889e+00 4.3956013e+00 4.8061824e+00 3.5174806e+00]

Kannada:
  Mean per MFCC coefficient: [-7.1455666e+01  3.9945248e+01 -4.7529236e+01  6.0101867e+00
 -3.4537827e+01  1.0645002e+01 -1.6893854e+01  2.8433208e+00
 -9.1304951e+00  3.6140969e+00  9.0110558e-01 -4.2824783e+00
  1.0277587e+00 -7.8151000e-01  5.9715793e-02 -3.4495795e+00
  2.1383305e+00 -2.6040847e+00  1.5061142e+00 -1.0485939e+00
  1.4943643e+00 -7.5089461e-01  1.0964640e+00 -3.8527778e-01
  1.3680450e+00 -2.8503412e-01  1.2269706e+00 -7.5000152e-02
  4.0875085e-02  3.2349828e-01 -4.3967447e-01  6.5559906e-01
 -6.9477093e-01  5.2065206e-01 -4.4769084e-01  4.2712229e-01
 -3.7833697e-01  2.2367401e-01 -2.2651333e-01  1.1387098e-01]
  Variance per MFCC coefficient: [6.26969238e+03 5.01072479e+02 6.41488708e+02 2.55796417e+02
 2.59472504e+02 1.78770432e+02 1.18710220e+02 9.18357239e+01
 6.22271233e+01 6.00330391e+01 7.60982971e+01 4.49224434e+01
 5.18091087e+01 3.33278008e+01 3.09193268e+01 2.54123859e+01
 2.26669674e+01 2.48724174e+01 2.45891857e+01 2.20011444e+01
 2.24180679e+01 2.02616749e+01 1.93065319e+01 1.68882351e+01
 1.67310352e+01 1.42710705e+01 1.56296148e+01 1.39999037e+01
 1.32380495e+01 1.17806683e+01 1.00982208e+01 8.52213001e+00
 7.95383501e+00 7.95125484e+00 7.38212490e+00 6.39513302e+00
 5.60234404e+00 4.75564766e+00 5.01289845e+00 4.15720940e+00]

Punjabi:
  Mean per MFCC coefficient: [-5.8527802e+01  5.3664253e+01 -1.7121738e+01 -1.6093568e+00
 -1.2104513e+01 -7.6656637e+00 -5.0575514e+00 -8.7328415e+00
 -2.4639931e+00 -2.9928250e+00 -2.2615197e+00 -2.1378102e+00
 -7.4687982e+00 -1.3979677e+00 -4.7395773e+00 -2.2310975e+00
 -1.0917559e+00 -2.8623352e+00 -2.6271110e+00 -1.8131024e+00
 -3.4900029e+00 -1.4160827e+00 -1.4417725e+00 -4.3263057e-01
 -3.5089454e-01  2.2439411e-01  3.3853984e-01  7.1717334e-01
  5.7912493e-01 -6.8606101e-02  7.7027678e-02  5.7931721e-01
  3.7499255e-01 -1.9862558e-01 -8.2835563e-02 -1.1852213e-02
  4.5984656e-02  2.6650459e-01 -1.7645186e-01 -7.0985213e-02]
  Variance per MFCC coefficient: [8.51195996e+03 5.46658203e+02 4.29964996e+02 1.37774796e+02
 1.97193115e+02 1.82746414e+02 9.77191238e+01 1.16034706e+02
 7.18182831e+01 7.58016281e+01 5.49486122e+01 5.70721474e+01
 5.73920975e+01 4.15144958e+01 5.63799667e+01 3.32497177e+01
 2.96222515e+01 3.14532757e+01 2.67744846e+01 2.89163589e+01
 2.76273994e+01 2.78923454e+01 2.75809402e+01 2.72119236e+01
 2.27002029e+01 2.18816242e+01 2.18154335e+01 2.32631283e+01
 2.14083633e+01 1.99149113e+01 1.32176886e+01 1.02326355e+01
 8.96668243e+00 8.62377739e+00 8.29711151e+00 7.09637642e+00
 6.18378925e+00 5.03173256e+00 5.60238361e+00 4.60420179e+00]

Tamil:
  Mean per MFCC coefficient: [-1.1080215e+01  5.4129681e+01 -5.6324472e+00  1.0167427e+00
 -9.3045406e+00 -1.6398827e+01 -7.7334189e+00 -8.1035433e+00
 -6.9449048e+00 -3.4833283e+00 -6.2854586e+00 -2.1791592e+00
 -4.0741506e+00 -3.4439299e+00 -2.1852078e+00  4.6103406e-01
 -5.1272339e-01  3.0746977e+00  3.2729788e+00  3.2638988e+00
  3.9579573e+00  2.9479384e+00  1.4895085e+00  1.8281796e+00
 -4.6029329e-01 -1.0889306e-01 -1.8845347e+00 -9.6729296e-01
 -1.5736924e+00 -1.3418863e+00 -7.2899300e-01 -1.0170220e+00
 -2.6684132e-01 -7.4066603e-01 -5.6492156e-01 -3.5078394e-01
 -4.5567414e-01 -2.2439891e-01 -1.4338768e-01 -5.0106201e-02]
  Variance per MFCC coefficient: [6.4479517e+03 6.6250635e+02 4.7383871e+02 3.2936069e+02 1.6404320e+02
 2.3712700e+02 1.2108916e+02 9.2526093e+01 8.6731293e+01 6.1100086e+01
 7.9987625e+01 6.0074726e+01 4.1975403e+01 4.0900639e+01 4.1518291e+01
 4.1001026e+01 5.1897213e+01 4.3529518e+01 7.1715790e+01 4.8954170e+01
 4.9916569e+01 6.0312035e+01 4.9559887e+01 4.8449474e+01 3.9221233e+01
 2.9320963e+01 2.3574121e+01 1.9951328e+01 2.0084055e+01 1.7121952e+01
 1.3027445e+01 8.7556524e+00 8.9756823e+00 1.3548486e+01 1.1248660e+01
 6.6751523e+00 8.4820929e+00 8.5552444e+00 6.7850466e+00 6.1779432e+00]

Telugu:
  Mean per MFCC coefficient: [-7.27362137e+01  4.19294243e+01 -8.37773323e+00  9.51935291e+00
 -1.46978102e+01 -7.63591671e+00 -1.19056826e+01 -7.88751698e+00
 -7.27123928e+00 -4.37812710e+00 -4.28672838e+00 -6.89778662e+00
 -8.67530763e-01 -4.53346539e+00 -1.84345412e+00 -6.38969421e-01
 -9.65659916e-01  1.66521776e+00  1.43469191e+00  1.49320781e+00
  1.68828046e+00  6.89818144e-01 -1.07994127e+00 -1.00526094e-01
 -1.38552237e+00 -9.43176031e-01 -9.96608377e-01 -8.12678337e-01
 -6.56708837e-01 -4.82786030e-01 -2.28078187e-01 -4.57063437e-01
  5.18685400e-01 -1.99721098e-01  3.72865349e-01  1.26084341e-02
  2.24320501e-01  2.92408876e-02  1.62468269e-01  2.67085563e-02]
  Variance per MFCC coefficient: [1.22075068e+04 1.23256494e+03 7.47390747e+02 3.23474091e+02
 4.06668427e+02 2.18422165e+02 1.82614090e+02 1.13544975e+02
 8.85767670e+01 7.04067078e+01 6.30085030e+01 8.14669266e+01
 8.05669022e+01 6.11679840e+01 5.84246254e+01 6.26424103e+01
 6.57923660e+01 5.66120987e+01 6.55798950e+01 6.64420395e+01
 5.99908180e+01 6.07163658e+01 5.50389709e+01 4.72398872e+01
 4.02115669e+01 2.85304527e+01 2.33699112e+01 2.37705097e+01
 2.20409584e+01 1.85578213e+01 1.52411013e+01 1.13479080e+01
 9.72240448e+00 1.26577139e+01 1.13995800e+01 7.20532036e+00
 8.79067421e+00 9.46374226e+00 6.61572742e+00 6.74108219e+00]

Urdu:
  Mean per MFCC coefficient: [-6.41500397e+01  5.55645370e+01  6.37796545e+00  1.19302425e+01
 -9.65067196e+00 -4.32828426e+00 -5.59439707e+00 -5.22902203e+00
 -2.21489406e+00 -2.72342563e+00 -1.53875422e+00 -3.68214893e+00
 -4.37771368e+00 -1.35482728e+00 -4.60422611e+00 -3.12373853e+00
 -1.56949162e+00 -3.17785835e+00 -1.13872242e+00 -1.03826976e+00
 -1.29730070e+00 -6.21628404e-01 -7.78766692e-01 -2.97168106e-01
 -2.60358363e-01  1.86536849e-01 -3.58227342e-02  4.65087920e-01
  5.25741875e-02  2.89538413e-01  1.65613160e-01  1.01665258e-01
 -1.76505342e-01  1.22396536e-01  7.70675167e-02  2.26841480e-01
  1.20140560e-01  1.77836224e-01  7.93904439e-02 -3.76852453e-02]
  Variance per MFCC coefficient: [8.2081592e+03 8.7625305e+02 3.8052713e+02 3.1503833e+02 2.6013782e+02
 1.6168436e+02 1.3106866e+02 9.4423981e+01 7.4024391e+01 7.4310806e+01
 5.6348049e+01 5.9574272e+01 5.0120522e+01 3.9004147e+01 4.0977196e+01
 2.9787130e+01 2.4493523e+01 2.7593451e+01 2.4458700e+01 2.2949621e+01
 2.3236416e+01 2.3599430e+01 2.1292915e+01 2.2710472e+01 2.1038795e+01
 2.0172205e+01 1.9248135e+01 1.8442286e+01 1.7497053e+01 1.4483326e+01
 1.0706285e+01 8.8770485e+00 7.3289886e+00 7.5763373e+00 7.3594065e+00
 6.6224809e+00 6.1188440e+00 5.3456383e+00 5.6673937e+00 4.4853454e+00]